bpm:
640
16,1,0,1
18,1,0,1
21,3,0,0
24,1,0,1
27,3,0,0
30,1,0,1
32,1,0,1
33,3,0,0
34,1,0,1
36,0,0,0
37,0,0,1
39,0,0,1
40,0,0,0
42,3,0,1
43,1,0,0
44,3,0,1
45,1,0,0
46,3,0,1
48,3,0,0
50,3,0,0
53,1,0,1
56,3,0,0
59,1,0,1
62,3,0,0
64,3,0,0
65,1,0,1
66,3,0,0
68,2,0,0
69,2,0,1
71,2,0,1
72,2,0,0
74,3,0,1
75,1,0,0
76,3,0,1
77,1,0,0
78,3,0,1
80,1,0,1
81,3,0,0
82,1,0,1
84,0,0,0
85,0,0,1
87,0,0,1
88,0,0,0
90,1,0,1
91,3,0,0
92,1,0,1
93,3,0,0
94,1,0,1
96,3,0,0
97,1,0,1
98,3,0,0
100,2,0,0
101,2,0,1
103,2,0,1
104,2,0,0
106,1,0,1
107,3,0,0
108,1,0,1
109,3,0,0
110,1,0,1
111,3,0,0
112,1,0,1
113,3,0,0
114,1,0,1
116,1,0,1
117,3,0,0
119,3,0,0
120,1,0,1
122,0,0,1
123,0,0,0
124,0,0,1
125,0,0,0
126,0,0,1
128,1,1,1
128,3,1,0
129,1,1,1
129,3,1,0
130,1,1,1
130,3,1,0
131,1,1,1
131,3,1,0
132,1,1,1
132,3,1,0
133,3,1,0
133,1,1,1
134,3,1,0
134,1,1,1
135,3,1,0
135,1,1,1
136,1,1,1
136,3,1,0
137,3,1,0
137,1,1,1
138,3,1,0
138,1,1,1
139,3,1,0
139,1,1,1
140,3,1,0
140,1,1,1
141,-1,2,0
141,-1,2,1
144,3,1,0
144,1,0,1
145,3,1,0
146,3,1,0
147,3,1,0
148,3,1,0
148,1,0,1
149,3,1,0
150,3,1,0
151,3,1,0
152,3,1,0
152,1,0,1
153,3,1,0
154,3,1,0
155,3,1,0
156,3,1,0
156,1,0,1
158,3,0,0
160,3,0,0
160,1,1,1
161,1,1,1
162,1,1,1
163,1,1,1
164,1,1,1
164,3,0,0
165,1,1,1
166,1,1,1
167,1,1,1
168,1,1,1
168,3,0,0
169,1,1,1
170,1,1,1
171,1,1,1
172,1,1,1
172,3,0,0
176,3,0,0
176,1,0,1
178,1,0,1
180,1,0,1
180,3,0,0
182,1,0,1
184,3,0,0
184,1,0,1
186,1,0,1
188,3,0,0
188,1,0,1
190,1,0,1
192,1,0,1
192,3,0,0
194,3,0,0
196,3,0,0
196,1,0,1
198,3,0,0
200,3,0,0
200,1,0,1
202,3,0,0
204,3,0,0
204,1,0,1
206,3,0,0
208,3,0,0
210,1,0,1
212,3,0,0
214,1,0,1
216,3,0,0
218,1,0,1
220,3,0,0
222,1,0,1
222.67,3,0,0
223.33,1,0,1
224,3,0,0
226,1,0,1
228,3,0,0
230,1,0,1
230.67,3,0,0
231.33,1,0,1
232,3,0,0
234,1,0,1
236,3,0,0
236.67,1,0,1
237.33,3,0,0
238,1,0,1
240,3,0,0
241,1,0,1
242,3,0,0
243,1,0,1
244,3,0,0
245,1,0,1
246,3,0,0
247,1,0,1
248,3,0,0
249,1,0,1
250,3,0,0
251,1,0,1
252,3,0,0
253,1,0,1
254,3,0,0
255,1,0,1
256,3,1,0
257,3,1,0
258,3,1,0
259,3,1,0
260,3,1,0
261,3,1,0
262,3,1,0
263,3,1,0
264,3,1,0
272,3,0,0
274,3,0,0
275,1,0,1
276,3,0,0
278,1,0,1
279,3,0,0
280,1,0,1
282,3,0,0
283,1,0,1
284,3,0,0
286,1,0,1
287,3,0,0
288,1,0,1
290,3,0,0
291,1,0,1
292,3,0,0
294,1,0,1
295,3,0,0
296,1,0,1
298,3,0,0
299,1,0,1
300,3,0,0
302,1,0,1
303,3,0,0
304,1,0,1
306,1,0,0
307,3,0,1
308,1,0,0
310,3,0,1
311,1,0,0
312,3,0,1
314,1,0,0
315,3,0,1
316,1,0,0
318,3,0,1
319,1,0,0
320,3,0,1
322,1,0,0
323,3,0,1
324,1,0,0
326,3,0,1
327,1,0,0
328,3,0,1
330,1,0,0
331,3,0,1
332,1,0,0
334,3,0,1
335,1,0,0
336,3,0,1
338,0,0,0
339,0,0,1
340,0,0,0
342,0,0,1
343,0,0,0
344,0,0,1
346,0,0,0
347,0,0,1
348,0,0,0
350,0,0,1
351,0,0,0
352,0,0,1
354,0,0,0
355,0,0,1
356,0,0,0
358,0,0,1
359,0,0,0
360,0,0,1
362,0,0,0
363,0,0,1
364,0,0,0
366,0,0,1
367,0,0,0
368,0,0,1
370,2,0,0
371,2,0,1
372,2,0,0
374,2,0,1
375,2,0,0
376,2,0,1
378,2,0,0
379,2,0,1
380,2,0,0
382,2,0,1
383,2,0,0
384,2,0,1
386,1,0,1
390,1,0,1
392,3,0,0
396,1,0,1
397,3,0,0
398,1,0,1
399,3,0,0
400,1,0,1
402,3,0,0
403,1,0,1
404,3,0,0
406,1,0,1
408,3,0,0
410,1,0,1
411,3,0,0
412,1,0,1
414,3,0,0
416,1,0,1
418,3,0,0
419,1,0,1
420,3,0,0
422,1,0,1
424,3,0,0
426,1,0,1
427,3,0,0
428,1,0,1
429,3,0,0
430,1,0,1
432,3,0,1
434,1,0,0
435,3,0,1
436,1,0,0
438,3,0,1
440,1,0,0
442,3,0,1
443,1,0,0
444,3,0,1
446,1,0,0
448,3,0,1
450,3,0,1
454,3,0,1
456,1,0,0
464,3,1,0
464,1,0,1
465,3,1,0
466,3,1,0
466,3,0,1
467,3,1,0
468,3,1,0
468,1,0,1
470,3,0,1
470,1,0,0
472,1,1,1
472,3,0,0
473,1,1,1
474,1,1,1
474,1,0,0
475,1,1,1
476,1,1,1
476,3,0,0
478,1,0,0
478,3,0,1
480,3,1,0
480,1,0,1
481,3,1,0
482,3,1,0
482,3,0,1
483,3,1,0
484,3,1,0
484,1,0,1
486,3,0,1
486,1,0,0
488,3,0,0
489,1,0,1
490,3,0,0
491,1,0,1
492,3,0,0
494,1,0,1
496,3,0,0
498,1,0,1
498.67,3,0,0
499.33,1,0,1
500,3,0,0
502,1,0,1
504,1,0,1
506,3,0,0
506.67,1,0,1
507.33,3,0,0
508,1,0,1
510,3,0,0
528,0,0,1
530,0,0,0
534,1,0,1
535,3,0,0
536,1,0,1
539,3,0,0
540,1,0,1
542,3,0,0
546,1,0,1
547,3,0,0
548,1,0,1
549,3,0,0
550,1,0,1
551,3,0,0
552,1,0,1
554,3,0,0
555,3,0,0
556,1,0,1
558,3,0,0
560,1,0,1
564,1,0,1
566,3,0,0
568,1,0,1
570,3,0,0
571,3,0,0
572,1,0,1
574,3,0,0
576,1,0,1
577,1,0,1
578,3,0,0
579,3,0,0
580,1,0,1
582,3,0,0
584,1,0,1
586,3,0,0
588,2,1,0
589,2,1,0
590,2,1,0
591,2,1,0
592,2,1,0
592,0,0,1
594,0,0,1
598,3,0,0
600,1,0,1
601,1,0,1
602,3,0,0
603,1,0,1
604,3,0,0
606,1,0,1
609,0,0,1
611,0,0,0
612,1,0,1
614,3,0,0
616,2,0,1
618,2,0,0
619,2,0,0
620,3,0,1
622,1,0,0
624,1,0,1
626,0,0,1
630,3,0,0
632,1,0,1
633,3,0,0
634,1,0,1
635,3,0,0
636,1,0,1
637,3,0,0
638,1,0,1
639,3,0,0
640,1,0,1
641,3,0,0
642,1,0,1
643,3,0,0
645,1,0,1
650,1,0,1
650,3,0,0
652,1,0,1
652,3,0,0
654,1,0,1
654,3,0,0
658,1,1,1
658,3,1,0
659,1,1,1
659,3,1,0
660,1,1,1
660,3,1,0
661,1,1,1
661,3,1,0
662,1,1,1
662,3,1,0
663,1,1,1
663,3,1,0
664,1,1,1
664,3,1,0
665,1,1,1
665,3,1,0
666,1,1,1
666,3,1,0
667,3,1,0
667,1,1,1
668,1,1,1
668,3,1,0
669,3,1,0
669,1,1,1
670,3,1,0
670,1,1,1
671,1,1,1
671,3,1,0
672,1,1,1
672,3,1,0
673,1,1,1
673,3,1,0
674,1,1,1
674,3,1,0
675,1,1,1
675,3,1,0
676,1,1,1
676,3,1,0
677,1,1,1
677,3,1,0
678,1,1,1
678,3,1,0
679,3,1,0
679,1,1,1
680,3,1,0
680,1,1,1
681,3,1,0
681,1,1,1
682,3,1,0
682,1,1,1
683,3,1,0
683,1,1,1
684,1,1,1
684,3,1,0
685,1,1,1
685,3,1,0
686,1,1,1
686,3,1,0
687,1,1,1
687,3,1,0
688,1,1,1
688,3,1,0
689,3,1,0
689,1,1,1
690,3,1,0
690,1,1,1
691,3,1,0
691,1,1,1
692,3,1,0
692,1,1,1
693,3,1,0
693,1,1,1
694,1,1,1
694,3,1,0
695,1,1,1
695,3,1,0
696,1,1,1
696,3,1,0
697,1,1,1
697,3,1,0
698,1,1,1
698,3,1,0
699,3,1,0
699,1,1,1
700,3,1,0
700,1,1,1
701,3,1,0
701,1,1,1
702,3,1,0
702,1,1,1
703,3,1,0
703,1,1,1
704,3,1,0
704,1,1,1
705,3,1,0
705,1,1,1
706,3,1,0
706,1,1,1
707,3,1,0
707,1,1,1
708,1,1,1
708,3,1,0
720,1,0,1
720,3,0,0
722.67,3,0,0
724,1,0,1
725.33,3,0,0
726.67,1,0,1
728,3,0,0
730.67,1,0,1
733.33,3,0,0
736,1,0,1
738.67,3,0,0
740,1,0,1
741.33,3,0,0
742.67,1,0,1
744,3,0,0
746.67,1,0,1
749.33,3,0,0
752,1,0,1
754.67,1,0,1
756,3,0,0
757.33,1,0,1
758.67,3,0,0
760,1,0,1
762.67,3,0,0
